function PID = cargarPID
% Carga la información del PID
PID.P.Alpha = [65.3127 65.3127 72.9676]';
% PID.I.Alpha = [1 1 1]';
PID.D.Alpha = [6.1907 6.1907 1]';

PID.P.Posicion = [88.0970 88.0970 76.6532]';
PID.I.Posicion = [0.001 0.001 0.001]';
PID.D.Posicion = [23.2120 23.2120 10.7277]';
end

